01_11_2024
    1) 82632205301
    2) 82640007002
04_11_2024
    1) 82450186902
    2) 82450425802
    3) 82450471501
05_11_2024
    1) 93609324701
06_11_2024
07_11_2024
08_11_2024
    1) 70337111702
10_10_2024
11_10_2024
11_11_2024
    1) 82451918703
12_11_2024
    1) 82454811501
14_10_2024
15_10_2024
16_10_2024
    1) 22050665101
17_10_2024
18_10_2024
1_10_2024
    1) 55254472101
    2) 55257801801
    3) 55440007701
    4) 55440931001
    5) 55440997901
    6) 55441102501
    7) 55451057803
    8) 55451645002
    9) 55461443604
    10) 60034564305
    11) 60045198902
    12) 60052878801
20_9_2024
    1) 10721313106
    2) 11700468301
    3) 11700945302
    4) 11740308501
    5) 11741241701
    6) 11773193002
    7) 11774432301
    8) 11791608503
    9) 11793727302
    10) 22020367601
    11) 22057329704
    12) 22059737801
    13) 22063842502
    14) 22064289402
21_10_2024
22_10_2024
23_10_2024
    1) 22530814202
    2) 55060657602
    3) 55404591001
    4) 55440822702
23_9_2024
    1) 10723067501
    2) 11851820001
    3) 22062164602
    4) 22073067003
    5) 22073298203
    6) 22076755601
    7) 22079028801
    8) 22080275101
    9) 22100647902
    10) 22100972501
    11) 22100976602
    12) 22101414503
    13) 22102508702
    14) 22102608302
    15) 22102720906
    16) 22103365001
    17) 22103409002
    18) 22103998801
    19) 22130872806
    20) 22131553302
    21) 22157441303
    22) 22158217206
    23) 22158456101
    24) 22159801304
24_10_2024
    1) 55082191302
    2) 60056243102
24_9_2024
    1) 24_9_2024
    2) 24_9_2024
    3) 24_9_2024
    4) 24_9_2024
    5) 24_9_2024
    6) 24_9_2024
    7) 24_9_2024
    8) 24_9_2024
    9) 24_9_2024
    10) 24_9_2024
    11) 24_9_2024
25_10_2024
    1) 70612046601
    2) 71303092802
    3) 71305204002
    4) 71332096803
    5) 71670729601
    6) 82452513803
25_9_2024
    1) 22103060301
    2) 22130690501
    3) 22131641801
    4) 22131806401
    5) 22131823601
    6) 22131943301
    7) 22132151201
    8) 22150013407
    9) 22155152501
    10) 22173990501
    11) 22190887802
    12) 22501538002
    13) 22502074702
    14) 22502112302
    15) 22503230205
    16) 22530435502
    17) 22533293302
    18) 22534699702
    19) 22536966703
    20) 22539803002
    21) 29257510501
    22) 33004470202
    23) 33005138104
    24) 33010335402
    25) 33025753001
    26) 33030041103
    27) 33030552003
    28) 33031616702
    29) 33031920705
    30) 33032019702
    31) 33032066001
    32) 44001171505
    33) 44004612501
    34) 44007251401
    35) 44010145603
    36) 44010488603
    37) 44015892602
    38) 44050506405
    39) 44050840505
    40) 44053232302
    41) 44053806901
    42) 44055138902
    43) 44055527902
    44) 44056793903
    45) 44057580502
    46) 44062927601
    47) 44065439504
    48) 44067483902
    49) 44091637603
    50) 55030119201
    51) 55030167402
    52) 55030995003
    53) 55031416101
    54) 55050762804
    55) 55092340501
    56) 55150129402
26_9_2024
    1) 22510088501
    2) 22533016701
    3) 22534348102
    4) 22535580102
    5) 33012372603
    6) 33031008502
    7) 33031013003
    8) 33031055804
    9) 33032158501
    10) 55031328102
    11) 55100702302
    12) 55153216804
    13) 55153845005
    14) 55153915901
    15) 55154496201
    16) 55170048602
    17) 55170235802
    18) 55170612902
    19) 55190107001
    20) 55190312103
    21) 55200680801
    22) 55203255602
    23) 55204052403
    24) 55204451303
    25) 55205215301
    26) 55250438201
    27) 55251711503
    28) 55252374401
    29) 55256165601
    30) 55256249901
    31) 55259656601
    32) 55402113503
    33) 55402170103
    34) 55402619501
    35) 55403121002
    36) 55403871602
    37) 55404284902
    38) 55405316401
27_9_2024
    1) 22154800401
    2) 44005748202
    3) 44052069302
    4) 55130684202
    5) 55252964501
    6) 55254220402
    7) 55258441502
    8) 55258739501
    9) 55259079801
    10) 55402966001
    11) 55440244702
    12) 55440849901
    13) 55440992301
    14) 55480676002
    15) 70054631704
29_10_2024
    1) 60201327802
    2) 82452526901
    3) 82452656602
2_10_2024
30_10_2024
30_9_2024
    1) 33024632202
    2) 60200912602
    3) 60202548108
    4) 60209596906
    5) 60214464401
    6) 60220913704
    7) 60222109507
    8) 60426621203
    9) 60430742202
    10) 61225476402
    11) 61246334501
    12) 61275427904
    13) 61440889402
    14) 70302025603
    15) 70314008902
    16) 70319944804
    17) 70322090103
    18) 70501152301
31_10_2024
    1) 82605458101
3_10_2024
4_10_2024
7_10_2024
8_10_2024
9_10_2024
Εως 19_9_2024
    1) 10115108304
    2) 10708604102
    3) 10715004102
    4) 10719181302
    5) 10720663303
